iterations=39
f(xmin=1.05840764467928694081)=-0.72322333714959929907
