iterations=39
f(xmin=1.05840764467928671877)=-0.72322333714959852191
